594 247306 63310353
595 247459 63349610
596 247156 63272104
597 247038 63241844
598 248099 63513536
599 246102 63002332
600 246094 63000149
601 247419 63339321
602 247813 63440280
603 245763 62915479
604 247028 63239270
605 245979 62970702
606 244499 62591929
607 246000 62976093
608 245363 62813107
609 244365 62557523
610 245927 62957527
611 246503 63104968
612 247677 63405479
613 246403 63079275
614 247220 63288470
615 246218 63032036
616 246246 63039075
617 246615 63133450
618 243691 62385139
619 244812 62672086
620 245119 62750645
621 243866 62429807
622 244167 62506863
623 246207 63029137
624 245751 62912461
625 246732 63163507
626 247930 63470159
627 246320 63058027
628 248057 63502638
629 247472 63352852
630 247962 63478464
631 248362 63580784
632 246969 63224176
633 248506 63617746
634 247896 63461589
635 247854 63450780
636 250369 64094594
637 248506 63617632
638 249481 63867347
639 248937 63728041
640 247882 63457994
641 248564 63632391
642 249152 63782912
643 248178 63533637
644 249083 63765376
645 251249 64319962
646 247896 63461386
647 249641 63908298
648 250264 64067770
649 248861 63708638
650 248876 63712503
651 251230 64314994
652 249847 63960842
653 248044 63499496
654 250082 64021238
655 248527 63623041
656 248567 63633249
657 249597 63896844
658 250530 64135748
659 248611 63644446
660 249581 63892775
661 250396 64101392
662 248256 63553677
663 249654 63911646
664 250717 64183666
665 248480 63611108
666 248606 63643334
667 249758 63938129
668 248365 63581680
669 248715 63671145
670 247721 63416792
671 248008 63490087
672 248631 63649722
673 245081 62740785
674 246601 63129950
675 244635 62626564
676 245267 62788513
677 244411 62569216
678 245184 62767212
679 247054 63245980
680 247681 63406551
681 246349 63065469
682 249010 63746562
683 248853 63706549
684 248110 63516246
685 247873 63455739
686 247319 63313856
687 247169 63275377
688 246282 63048434
689 246267 63044453
690 247167 63274941
691 247324 63315025
692 246469 63096164
693 247356 63323351
694 246665 63146426
695 246816 63184917
696 247284 63304745
697 246336 63062262
698 246663 63145946
699 247105 63259090
700 246038 62985761
701 246258 63042149
702 248243 63550344
703 245508 62850145
704 246979 63226826
705 248060 63503449
706 247406 63336063
707 247704 63412440
708 249264 63811634
709 247612 63388856
710 248815 63696787
711 247099 63257575
712 248393 63588817
713 250223 64057199
714 248254 63553175
715 249688 63920292
716 246327 63059857
717 248756 63681586
718 250189 64048444
719 246490 63101632
720 249299 63820755
721 249740 63933531
722 247087 63254288
723 249860 63964213
724 246528 63111183
725 247108 63259888
726 248357 63579584
727 245555 62862164
728 245526 62854699
729 247037 63241519
730 248398 63589908
731 249033 63752682
732 247362 63324756
733 248800 63692885
734 247432 63342828
735 248079 63508387
736 249667 63914949
737 248312 63567977
738 248822 63698439
739 249475 63865626
740 246233 63035657
741 248780 63687934
742 248901 63718691
743 247464 63351027
744 248436 63599690
745 245959 62965730
746 247833 63445450
747 247671 63403776
748 245529 62855528
749 248273 63557939
750 248748 63679591
751 245858 62939675
752 249165 63786363
753 247721 63416605
754 246134 63010368
755 248380 63585448
756 245290 62794490
757 245603 62874599
758 247792 63434843
759 245940 62960691
760 247562 63376049
761 248403 63591205
762 246845 63192362
763 246856 63195297
764 249035 63753035
765 249659 63912825
766 248652 63655161
767 248806 63694344
768 249621 63902986
769 248270 63557358
770 249015 63747880
771 250598 64153227
772 248767 63684595
773 249293 63819231
774 250401 64102792
775 248622 63647442
776 248982 63739554
777 249621 63903196
778 247961 63478148
779 248553 63629662
780 249023 63749889
781 248245 63550924
782 248584 63637572
783 249736 63932644
784 249864 63965194
785 248343 63575924
786 248763 63683358
787 250947 64242554
788 247706 63412901
789 248167 63530808
790 250986 64252487
791 251699 64434967
792 249079 63764270
793 250203 64051976
794 250485 64124266
795 249805 63950182
796 248025 63494573
797 248515 63619908
798 246970 63224553
799 246974 63225520
800 246717 63159573
801 249034 63752818
802 247528 63367412
803 246296 63051777
804 248061 63503786
805 248272 63557872
806 248933 63727072
807 246719 63160199
808 247205 63284543
809 247604 63386649
810 250069 64017879
811 246457 63093118
812 246569 63121799
813 248924 63724552
814 248810 63695556
815 246704 63156427
816 247033 63240503
817 247605 63387122
818 247825 63443259
819 246405 63079929
820 246339 63062981
821 246905 63207868
822 246340 63063255
823 245836 62934242
824 248009 63490315
825 248040 63498487
826 245577 62867930
827 246106 63003354
828 248720 63672536
829 248971 63736627
830 246879 63201036
831 247204 63284351
832 247824 63443040
833 246400 63078446
834 246731 63163321
835 246522 63109703
836 246174 63020730
837 246240 63037690
838 247349 63321545
839 249277 63815150
840 246405 63079840
841 247240 63293691
842 249836 63958018
843 246322 63058645
844 246973 63225297
845 250113 64029062
846 250934 64239255
847 248255 63553393
848 249157 63784361
849 250515 64132018
850 246888 63203434
851 249408 63848536
852 250356 64091326
853 250802 64205358
854 248164 63530029
855 248717 63671592
856 252635 64674599
857 248586 63638104
858 247870 63454783
859 251108 64283665
860 251902 64487014
861 251865 64477555
862 248786 63689425
863 249916 63978563
864 250648 64165895
865 247948 63474940
866 248250 63552094
867 249167 63786916
868 247260 63298716
869 247016 63236124
870 248058 63502976
871 246538 63113791
872 247660 63401169
873 248903 63719312
874 246880 63201368
875 248118 63518268
876 249302 63821337
877 247457 63349097
878 248716 63671385
879 250908 64232604
880 247641 63396333
881 247971 63480662
882 248244 63550617
883 246801 63181210
884 248358 63579655
885 248580 63636562
886 248459 63605540
887 246988 63229153
888 249482 63867508
889 250519 64133093
890 247061 63247779
891 249091 63767481
892 249956 63988973
893 250492 64126099
894 248441 63601049
895 249421 63851817
896 251135 64290767
897 249054 63758034
898 250108 64027740
899 250667 64170783
900 248142 63524394
901 249237 63804910
902 249275 63814627
903 247713 63414636
904 248389 63587656
905 249007 63745970
906 251917 64490762
907 248027 63495088
908 249411 63849449
909 252287 64585537
910 248473 63609301
911 250769 64196954
912 252716 64695335
913 247826 63443607
914 250554 64141998
915 247756 63425639
916 247496 63359167
917 246852 63194315
918 247962 63478373
919 246406 63080103
920 248892 63716426
921 250041 64010746
922 246350 63065835
923 249278 63815251
924 249056 63758361
925 247947 63474595
926 250940 64240708
927 247700 63411449
928 249388 63843524
929 251958 64501386
930 247935 63471452
931 248438 63600165
932 250078 64020148
933 247060 63247400
934 247593 63384059
935 246241 63037927
936 246590 63127053
937 247303 63309713
938 246070 62994014
939 247057 63246692
940 248377 63584593
941 246839 63190816
942 248063 63504222
943 250946 64242363
944 252535 64648996
945 248520 63621244
946 251379 64353206
947 252515 64643909
948 248445 63602144
949 250080 64020540
950 252884 64738460
951 248362 63580913
952 252109 64540056
953 252529 64647679
954 248819 63697739
955 251957 64501013
956 253497 64895376
957 248418 63595079
958 251680 64430114
959 253023 64773903
960 248609 63643941
961 252938 64752284
962 252741 64701944
963 249723 63929285
964 252008 64514089
965 253742 64958094
966 248886 63715001
967 252965 64759138
968 253887 64995089
969 251006 64257757
970 252423 64620295
971 252480 64635110
972 248232 63547439
973 250946 64242277
974 251791 64458702
975 249300 63820842
976 249405 63847777
977 250489 64125202
978 248429 63597867
979 249852 63962214
980 249930 63982212
981 251257 64321877
982 248901 63718899
983 249798 63948310
984 248077 63507824
985 249244 63806549
986 250053 64013723
987 248241 63549696
988 249174 63788617
989 250718 64183945
990 248379 63585084
991 248700 63667379
992 249792 63946773
993 247685 63407593
994 248509 63618515
995 249073 63762778
996 247970 63480495
997 249037 63753559
998 249537 63881496
999 248064 63504386
1000 247717 63415639
1001 250774 64198342
1002 248425 63596889
1003 246596 63128699
1004 247114 63261227
1005 249841 63959307
1006 250768 64196678
1007 248378 63584950
1008 249942 63985198
1009 250606 64155227
1010 247267 63300430
1011 247930 63470134
1012 249043 63755178
1013 249780 63943835
1014 247305 63310269
1015 247832 63445134
1016 246300 63052882
1017 246493 63102413
1018 246920 63211648
1019 249636 63906955
1020 249974 63993360
1021 247766 63428104
1022 248686 63663733
1023 249414 63850144
1024 249776 63942720
1025 247124 63263839
1026 247519 63364898
1027 248555 63630288
1028 251243 64318358
1029 249975 63993844
1030 246161 63017431
1031 248553 63629660
1032 249218 63799924
1033 246825 63187420
1034 247091 63255328
1035 247448 63346820
1036 247854 63450644
1037 245806 62926338
1038 246096 63000745
1039 248358 63579699
1040 245193 62769469
1041 245454 62836387
1042 248239 63549411
1043 248685 63663547
1044 244922 62700070
1045 247065 63248732
1046 247949 63475129
1047 248623 63647734
1048 246280 63047806
1049 247604 63386810
1050 248200 63539335
1051 245822 62930667
1052 246893 63204826
1053 247285 63305118
1054 245474 62841566
1055 246129 63009241
1056 246554 63117968
1057 245434 62831327
1058 245543 62859037
1059 245318 62801556
1060 246022 62981774
1061 244745 62654887
1062 245431 62830525
1063 247619 63390489
1064 246923 63212517
1065 245650 62886583
1066 246030 62983685
1067 246435 63087455
1068 246956 63220798
1069 244819 62673915
1070 245573 62866759
1071 246107 63003415
1072 244186 62511626
1073 244630 62625533
1074 246809 63183227
1075 244165 62506278
1076 244379 62561061
1077 246574 63123054
1078 245498 62847597
1079 243633 62370289
1080 245397 62821798
1081 246263 63043337
1082 243849 62425461
1083 245873 62943688
1084 247143 63268624
1085 245194 62769812
1086 246221 63032666
1087 247761 63426835
1088 245468 62839988
1089 246032 62984429
1090 247708 63413441
1091 248638 63651436
1092 245913 62953825
1093 246896 63205385
