249788 63945973
248583 63637480
249736 63932422
249295 63819698
248947 63730504
248823 63698925
249473 63865275
247817 63441302
247751 63424290
248932 63726629
246813 63184328
247581 63380916
248251 63552292
248555 63630323
247042 63242808
248366 63581771
249202 63795957
247844 63448107
248358 63579706
248300 63564827
247243 63294298
247059 63247358
247491 63357803
247671 63403890
246521 63109526
246460 63093786
248081 63508824
246783 63176509
245973 62969341
247069 63249784
247315 63312826
247565 63376700
246304 63053873
246087 62998460
246305 63054277
245040 62730398
245150 62758517
244842 62679782
245081 62740800
244021 62469432
243701 62387544
244993 62718259
244620 62622754
244967 62711608
243254 62273119
244003 62465000
244628 62624816
243191 62256898
243187 62255914
243607 62363611
242337 62038446
242729 62138686
244586 62614058
245014 62723797
243062 62224086
242038 61961953
243565 62352683
243709 62389523
242191 62001056
242071 61970249
242623 62111738
241594 61848191
241667 61866897
241336 61782202
240042 61450952
240050 61452986
239863 61405107
238951 61171579
238590 61079059
239243 61246323
241412 61801726
241341 61783406
240355 61530911
242118 61982275
243094 62232097
243144 62244909
241927 61933556
242084 61973740
241564 61840628
240078 61460007
240439 61552601
239107 61211549
240732 61627487
241802 61901442
240463 61558731
241580 61844623
241808 61902954
239541 61322721
240921 61675864
241016 61700108
240204 61492454
241979 61946657
243543 62347047
242687 62128013
243079 62228380
243898 62438048
242863 62173122
243958 62453339
243500 62336061
242571 62098293
