247306 63310353
247459 63349610
247156 63272104
247038 63241844
248099 63513536
246102 63002332
246094 63000149
247419 63339321
247813 63440280
245763 62915479
247028 63239270
245979 62970702
244499 62591929
246000 62976093
245363 62813107
244365 62557523
245927 62957527
246503 63104968
247677 63405479
246403 63079275
247220 63288470
246218 63032036
246246 63039075
246615 63133450
243691 62385139
244812 62672086
245119 62750645
243866 62429807
244167 62506863
246207 63029137
245751 62912461
246732 63163507
247930 63470159
246320 63058027
248057 63502638
247472 63352852
247962 63478464
248362 63580784
246969 63224176
248506 63617746
247896 63461589
247854 63450780
250369 64094594
248506 63617632
249481 63867347
248937 63728041
247882 63457994
248564 63632391
249152 63782912
248178 63533637
249083 63765376
251249 64319962
247896 63461386
249641 63908298
250264 64067770
248861 63708638
248876 63712503
251230 64314994
249847 63960842
248044 63499496
250082 64021238
248527 63623041
248567 63633249
249597 63896844
250530 64135748
248611 63644446
249581 63892775
250396 64101392
248256 63553677
249654 63911646
250717 64183666
248480 63611108
248606 63643334
249758 63938129
248365 63581680
248715 63671145
247721 63416792
248008 63490087
248631 63649722
245081 62740785
246601 63129950
244635 62626564
245267 62788513
244411 62569216
245184 62767212
247054 63245980
247681 63406551
246349 63065469
249010 63746562
248853 63706549
248110 63516246
247873 63455739
247319 63313856
247169 63275377
246282 63048434
246267 63044453
247167 63274941
247324 63315025
246469 63096164
247356 63323351
246665 63146426
246816 63184917
247284 63304745
246336 63062262
246663 63145946
247105 63259090
246038 62985761
246258 63042149
248243 63550344
245508 62850145
246979 63226826
248060 63503449
247406 63336063
247704 63412440
249264 63811634
247612 63388856
248815 63696787
247099 63257575
248393 63588817
250223 64057199
248254 63553175
249688 63920292
246327 63059857
248756 63681586
250189 64048444
246490 63101632
249299 63820755
249740 63933531
247087 63254288
249860 63964213
246528 63111183
247108 63259888
248357 63579584
245555 62862164
245526 62854699
247037 63241519
248398 63589908
249033 63752682
247362 63324756
248800 63692885
247432 63342828
248079 63508387
249667 63914949
248312 63567977
248822 63698439
249475 63865626
246233 63035657
248780 63687934
248901 63718691
247464 63351027
248436 63599690
245959 62965730
247833 63445450
247671 63403776
245529 62855528
248273 63557939
248748 63679591
245858 62939675
249165 63786363
247721 63416605
246134 63010368
248380 63585448
245290 62794490
245603 62874599
247792 63434843
245940 62960691
247562 63376049
248403 63591205
246845 63192362
246856 63195297
249035 63753035
249659 63912825
248652 63655161
248806 63694344
249621 63902986
248270 63557358
249015 63747880
250598 64153227
248767 63684595
249293 63819231
250401 64102792
248622 63647442
248982 63739554
249621 63903196
247961 63478148
248553 63629662
249023 63749889
248245 63550924
248584 63637572
249736 63932644
249864 63965194
248343 63575924
248763 63683358
250947 64242554
247706 63412901
248167 63530808
250986 64252487
251699 64434967
249079 63764270
250203 64051976
250485 64124266
249805 63950182
248025 63494573
248515 63619908
246970 63224553
246974 63225520
246717 63159573
249034 63752818
247528 63367412
246296 63051777
248061 63503786
248272 63557872
248933 63727072
246719 63160199
247205 63284543
247604 63386649
250069 64017879
246457 63093118
246569 63121799
248924 63724552
248810 63695556
246704 63156427
247033 63240503
247605 63387122
247825 63443259
246405 63079929
246339 63062981
246905 63207868
246340 63063255
245836 62934242
248009 63490315
248040 63498487
245577 62867930
246106 63003354
248720 63672536
248971 63736627
246879 63201036
247204 63284351
247824 63443040
246400 63078446
246731 63163321
246522 63109703
246174 63020730
246240 63037690
247349 63321545
249277 63815150
246405 63079840
247240 63293691
249836 63958018
246322 63058645
246973 63225297
250113 64029062
250934 64239255
248255 63553393
249157 63784361
250515 64132018
246888 63203434
249408 63848536
250356 64091326
250802 64205358
248164 63530029
248717 63671592
252635 64674599
248586 63638104
247870 63454783
251108 64283665
251902 64487014
251865 64477555
248786 63689425
249916 63978563
250648 64165895
247948 63474940
248250 63552094
249167 63786916
247260 63298716
247016 63236124
248058 63502976
246538 63113791
247660 63401169
248903 63719312
246880 63201368
248118 63518268
249302 63821337
247457 63349097
248716 63671385
250908 64232604
247641 63396333
247971 63480662
248244 63550617
246801 63181210
248358 63579655
248580 63636562
248459 63605540
246988 63229153
249482 63867508
250519 64133093
247061 63247779
249091 63767481
249956 63988973
250492 64126099
248441 63601049
249421 63851817
251135 64290767
249054 63758034
250108 64027740
250667 64170783
248142 63524394
249237 63804910
249275 63814627
247713 63414636
248389 63587656
249007 63745970
251917 64490762
248027 63495088
249411 63849449
252287 64585537
248473 63609301
250769 64196954
252716 64695335
247826 63443607
250554 64141998
247756 63425639
247496 63359167
246852 63194315
247962 63478373
246406 63080103
248892 63716426
250041 64010746
246350 63065835
249278 63815251
249056 63758361
247947 63474595
250940 64240708
247700 63411449
249388 63843524
251958 64501386
247935 63471452
248438 63600165
250078 64020148
247060 63247400
247593 63384059
246241 63037927
246590 63127053
247303 63309713
246070 62994014
247057 63246692
248377 63584593
246839 63190816
248063 63504222
250946 64242363
252535 64648996
248520 63621244
251379 64353206
252515 64643909
248445 63602144
250080 64020540
252884 64738460
248362 63580913
252109 64540056
252529 64647679
248819 63697739
251957 64501013
253497 64895376
248418 63595079
251680 64430114
253023 64773903
248609 63643941
252938 64752284
252741 64701944
249723 63929285
252008 64514089
253742 64958094
248886 63715001
252965 64759138
253887 64995089
251006 64257757
252423 64620295
252480 64635110
248232 63547439
250946 64242277
251791 64458702
249300 63820842
249405 63847777
250489 64125202
248429 63597867
249852 63962214
249930 63982212
251257 64321877
248901 63718899
249798 63948310
248077 63507824
249244 63806549
250053 64013723
248241 63549696
249174 63788617
250718 64183945
248379 63585084
248700 63667379
249792 63946773
247685 63407593
248509 63618515
249073 63762778
247970 63480495
249037 63753559
249537 63881496
248064 63504386
247717 63415639
250774 64198342
248425 63596889
246596 63128699
247114 63261227
249841 63959307
250768 64196678
248378 63584950
249942 63985198
250606 64155227
247267 63300430
247930 63470134
249043 63755178
249780 63943835
247305 63310269
247832 63445134
246300 63052882
246493 63102413
246920 63211648
249636 63906955
249974 63993360
247766 63428104
248686 63663733
249414 63850144
249776 63942720
247124 63263839
247519 63364898
248555 63630288
251243 64318358
249975 63993844
246161 63017431
248553 63629660
249218 63799924
246825 63187420
247091 63255328
247448 63346820
247854 63450644
245806 62926338
246096 63000745
248358 63579699
245193 62769469
245454 62836387
248239 63549411
248685 63663547
244922 62700070
247065 63248732
247949 63475129
248623 63647734
246280 63047806
247604 63386810
248200 63539335
245822 62930667
246893 63204826
247285 63305118
245474 62841566
246129 63009241
246554 63117968
245434 62831327
245543 62859037
245318 62801556
246022 62981774
244745 62654887
245431 62830525
247619 63390489
246923 63212517
245650 62886583
246030 62983685
246435 63087455
246956 63220798
244819 62673915
245573 62866759
246107 63003415
244186 62511626
244630 62625533
246809 63183227
244165 62506278
244379 62561061
246574 63123054
245498 62847597
243633 62370289
245397 62821798
246263 63043337
243849 62425461
245873 62943688
247143 63268624
245194 62769812
246221 63032666
247761 63426835
245468 62839988
246032 62984429
247708 63413441
248638 63651436
245913 62953825
246896 63205385
